0.627164 0.606683
0.987459 0.0249245
0.882432 0.221319
0.930564 0.134054
0.894973 0.199028
0.465839 0.783022
0.143713 0.979348
0.609119 0.629022
0.333024 0.889113
0.51824 0.731488
0.254724 0.935122
0.136192 0.981452
0.731738 0.464592
0.351627 0.876386
0.707807 0.499077
0.472333 0.776929
0.610891 0.62686
0.919179 0.155114
0.762967 0.417916
0.642668 0.586992
0.29676 0.911938
0.894973 0.199028
0.875246 0.233952
0.732567 0.463378
0.354423 0.874412
0.237331 0.94368
0.551671 0.695675
0.947828 0.101622
0.610891 0.62686
0.259755 0.93253
0.0500562 0.997497
0.508886 0.741053
0.950558 0.0964424
0.403057 0.837572
0.667727 0.554195
0.195333 0.961847
0.268683 0.927825
0.957534 0.0831307
0.420992 0.822792
0.719625 0.482206
0.679002 0.539016
0.463688 0.785021
0.754824 0.430272
0.580029 0.663616
0.65737 0.567921
0.605184 0.63377
0.642668 0.586992
0.021759 0.999527
0.889087 0.209531
0.0257953 0.999335
0.237331 0.94368
0.417486 0.825732
0.501402 0.748613
0.803865 0.353804
0.357623 0.872133
0.379793 0.855785
0.807458 0.348012
0.100899 0.989819
0.882432 0.221319
0.949471 0.0985081
0.850774 0.276199
0.165084 0.972749
0.61572 0.620937
0.417486 0.825732
0.634753 0.597103
0.629871 0.603311
0.455382 0.792656
0.995088 0.00980014
0.31467 0.901012
0.957534 0.0831307
0.924146 0.145961
0.0196256 0.999615
0.932301 0.130821
0.533525 0.715368
0.501402 0.748613
0.517365 0.732348
0.671908 0.548604
0.710079 0.495819
0.878141 0.228875
0.945079 0.106826
0.625887 0.60828
0.114649 0.986856
0.658435 0.566518
0.805795 0.350697
0.617454 0.618798
0.843841 0.287935
0.571204 0.673743
0.634753 0.597103
0.475603 0.773829
0.818849 0.329493
0.65737 0.567921
0.138677 0.980769
0.458024 0.79024
0.397039 0.84239
0.666412 0.55595
0.417486 0.825732
0.0471442 0.99778
0.957534 0.0831307
0.195333 0.961847
0.098526 0.990298
0.63692 0.594347
0.930258 0.134624
0.912971 0.166489
0.376313 0.858416
0.882432 0.221319
0.584812 0.65805
0.801123 0.358205
0.256418 0.934266
0.65586 0.569903
0.555027 0.691961
0.773406 0.401845
0.12491 0.984398
0.767474 0.411014
0.965806 0.0672217
0.152932 0.976613
0.882432 0.221319
0.514557 0.735246
0.463688 0.785021
0.640125 0.590298
0.136192 0.981452
0.798592 0.362251
0.874439 0.235363
0.665382 0.55732
0.412909 0.829525
0.321786 0.89646
0.719625 0.482206
0.551979 0.695335
0.583165 0.65997
0.587313 0.655119
0.861008 0.258674
0.83592 0.301241
0.212725 0.95475
0.768617 0.409257
0.277795 0.922845
0.0879183 0.992276
0.89989 0.190203
0.584812 0.65805
0.373469 0.860548
0.315908 0.900205
0.31467 0.901012
0.389684 0.848177
1 0
0.722945 0.477418
0.237331 0.94368
0.941283 0.11399
0.739753 0.452847
0.905345 0.180365
0.7333 0.462305
0.53995 0.70847
0.871479 0.240532
0.957534 0.0831307
0.729114 0.468421
0.654693 0.571393
0.114649 0.986856
0.666412 0.55595
0.881355 0.22322
0.810406 0.343245
0.880716 0.224344
0.683399 0.533025
0.947388 0.102459
0.139091 0.980654
0.262408 0.931144
0.566115 0.679531
0.590388 0.651493
0.66494 0.557913
0.212725 0.95475
0.406977 0.834397
0.933815 0.127995
0.724308 0.475445
0.313407 0.901778
0.563085 0.682992
0.560365 0.686009
0.250175 0.937429
0.719625 0.482206
0.824903 0.319536
0.750252 0.437203
0.805795 0.350697
0.51824 0.731488
0.710079 0.495819
0.721158 0.480002
0.629871 0.603311
0.489446 0.760469
0.149855 0.977545
0.355341 0.873761
0.879346 0.226753
0.707807 0.499077
0.0340988 0.998839
0.95274 0.0922877
0.894976 0.199024
0.909241 0.173298
0.810406 0.343245
0.511421 0.738463
0.280941 0.921078
0.707807 0.499077
0.386773 0.850435
0.857795 0.264197
0.774296 0.400468
0.613463 0.623711
0.621578 0.613655
0.551979 0.695335
0.818849 0.329493
0.946812 0.103546
0.519651 0.729976
0.487678 0.762196
0.261893 0.931427
0.644532 0.584628
0.551979 0.695335
0.550577 0.69688
0.722945 0.477418
0.654693 0.571393
0.78647 0.381465
0.420992 0.822792
0.884961 0.216849
0.89018 0.207585
0.679807 0.537922
0.89018 0.207585
0.922085 0.149759
0.496396 0.753617
0.465839 0.783022
0.563085 0.682992
0.919179 0.155114
0.461184 0.787338
0.65737 0.567921
0.71429 0.489857
0.840531 0.293509
0.731738 0.464592
0.264671 0.929952
0.995925 0.00813359
0.736149 0.458119
0.537867 0.710717
0.420992 0.822792
0.679807 0.537922
0.152932 0.976613
0.649461 0.578215
0.473852 0.775491
0.828954 0.312852
0.262408 0.931144
0.878141 0.228875
0.132284 0.982501
0.757952 0.42559
0.986176 0.0274569
0.355341 0.873761
0.924146 0.145961
0.506987 0.742979
0.590388 0.651493
0.874439 0.235363
0.882432 0.221319
0.649461 0.578215
0.894976 0.199024
0.549139 0.698463
0.836222 0.300735
0.791453 0.373604
0.587313 0.655119
0.807348 0.348189
0.683399 0.533025
0.344924 0.881058
0.449198 0.798248
0.554506 0.692539
0.986176 0.0274569
0.409809 0.832075
0.838299 0.297262
0.198854 0.960459
0.625887 0.60828
0.944152 0.108579
0.432003 0.8134
0.757115 0.426812
0.721158 0.480002
0.042981 0.998154
0.960228 0.0779655
0.941283 0.11399
0.732567 0.463378
0.706468 0.500933
0.0500562 0.997497
0.935839 0.124212
0.328597 0.892042
0.99819 0.0036169
0.697698 0.513286
0.962445 0.0737011
0.666412 0.55595
0.719625 0.482206
0.7333 0.462305
0.262408 0.931144
0.571204 0.673743
0.250175 0.937429
0.700519 0.509303
0.755851 0.428716
0.854452 0.269919
0.49405 0.755931
0.268683 0.927825
0.722945 0.477418
0.174175 0.969665
0.791453 0.373604
0.947828 0.101622
0.679807 0.537922
0.24248 0.94121
0.61362 0.623516
0.816576 0.333207
0.432003 0.8134
0.736149 0.458119
0.974569 0.0502165
0.666412 0.55595
0.719625 0.482206
0.736149 0.458119
0.256418 0.934266
0.865867 0.250282
0.645889 0.582878
0.883983 0.218581
0.802705 0.355667
0.731738 0.464592
0.923603 0.146963
0.875246 0.233952
0.848147 0.280662
0.946812 0.103546
0.250175 0.937429
0.937674 0.120771
0.698274 0.512482
0.0521057 0.997285
0.65586 0.569903
0.167462 0.971958
0.683399 0.533025
0.461184 0.787338
0.627318 0.606489
0.696413 0.515079
0.543563 0.704555
0.677169 0.541472
0.605184 0.63377
0.771927 0.404157
0.745663 0.444021
0.676414 0.542518
0.549139 0.698463
0.198854 0.960459
0.285434 0.918528
0.785144 0.383555
0.613463 0.623711
0.685117 0.53067
0.0937619 0.991209
0.677639 0.54087
0.411724 0.830511
0.865867 0.250282
0.719625 0.482206
0.995925 0.00813359
0.496396 0.753617
0.259755 0.93253
0.617454 0.618798
0.489446 0.760469
0.588609 0.65359
0.827005 0.316062
0.830002 0.311113
0.767474 0.411014
0.78686 0.380853
0.776468 0.397101
0.78686 0.380853
0.99777 0.00445426
0.511421 0.738463
0.858495 0.262989
0.819715 0.328075
0.499126 0.750891
0.61362 0.623516
0.965806 0.0672217
0.473852 0.775491
0.645889 0.582878
0.0448428 0.997992
0.240816 0.942014
0.987459 0.0249245
0.0521057 0.997285
0.850774 0.276199
0.417486 0.825732
0.943681 0.109466
0.360443 0.870105
0.62988 0.603265
0.704275 0.504028
0.975674 0.0480641
0.609586 0.628453
0.797 0.364793
0.823702 0.321545
0.485335 0.764477
0.479366 0.770234
0.615495 0.621213
0.964511 0.0697311
0.237331 0.94368
0.409809 0.832075
0.609586 0.628453
0.485335 0.764477
0.618933 0.616968
0.964511 0.0697311
0.677169 0.541472
0.760407 0.421811
0.499126 0.750891
0.953862 0.0901464
0.953862 0.0901464
0.923603 0.146963
0.90397 0.182843
0.671908 0.548604
0.355341 0.873761
0.0243004 0.999411
0.254195 0.935391
0.915991 0.160962
0.195333 0.961847
0.0471442 0.99778
0.912258 0.167792
0.854452 0.269919
0.719625 0.482206
0.754824 0.430272
0.455382 0.792656
0.731738 0.464592
0.0558944 0.996879
0.957534 0.0831307
0.642668 0.586992
0.114649 0.986856
0.676414 0.542518
0.557115 0.689679
0.922085 0.149759
0.449198 0.798248
0.957534 0.0831307
0.344924 0.881058
0.774296 0.400468
0.533642 0.715242
0.653531 0.572949
0.287931 0.917098
0.605184 0.63377
0.750252 0.437203
0.47734 0.772173
0.739753 0.452847
0.866745 0.24876
0.141337 0.980024
0.364566 0.86712
0.792458 0.372011
0.412909 0.829525
0.729114 0.468421
0.568031 0.677358
0.38529 0.851581
0.883983 0.218581
0.686244 0.529142
0.633735 0.598397
0.865867 0.250282
0.295011 0.912983
0.150372 0.97739
0.98836 0.0231452
0.205345 0.957835
0.731738 0.464592
0.700519 0.509303
0.803865 0.353804
0.74636 0.442981
0.933815 0.127995
0.803865 0.353804
0.267024 0.928701
0.463688 0.785021
0.250175 0.937429
0.29288 0.914226
0.165084 0.972749
0.880716 0.224344
0.74636 0.442981
0.824001 0.321024
0.580029 0.663616
0.950558 0.0964424
0.907715 0.176058
0.833792 0.304808
0.625887 0.60828
0.800733 0.35883
0.679807 0.537922
0.78647 0.381465
0.51824 0.731488
0.61362 0.623516
0.344698 0.881214
0.618933 0.616968
0.785144 0.383555
0.61572 0.620937
0.344924 0.881058
0.957534 0.0831307
0.677169 0.541472
0.833792 0.304808
0.397039 0.84239
0.371224 0.86222
0.719625 0.482206
0.975674 0.0480641
0.180761 0.96733
0.803865 0.353804
0.836222 0.300735
0.313407 0.901778
0.403057 0.837572
0.972048 0.0551266
0.150372 0.97739
0.72399 0.475873
0.986176 0.0274569
0.0788995 0.99378
0.677639 0.54087
0.975674 0.0480641
0.894976 0.199024
0.128585 0.983466
0.295011 0.912983
0.797 0.364793
0.700519 0.509303
0.408293 0.833315
0.264671 0.929952
0.710563 0.495169
0.87605 0.232545
0.0788995 0.99378
0.930564 0.134054
0.665382 0.55732
0.833792 0.304808
