0.100061 0.683684
0.100061 0.683684
0.999999 0.000001
0.000000 0.999550
0.602038 0.225634
0.783566 0.114813
0.837307 0.092429
0.642571 0.198400
0.583030 0.236436
0.350096 0.414450
0.445553 0.333020
0.942315 0.029677
0.151542 0.610724
0.957497 0.021488
0.554933 0.255068
0.197462 0.555641
0.987907 0.006230
0.499623 0.293166
0.256943 0.493112
0.525787 0.274894
0.770410 0.122276
0.543374 0.262867
0.002042 0.954827
0.909233 0.060340
0.909359 0.046402
0.083318 0.711361
0.712410 0.155968
0.512669 0.284085
0.365692 0.395283
0.004480 0.933513
0.300024 0.452263
0.168639 0.589622
0.850882 0.077573
0.012860 0.886607
0.733817 0.143374
0.652532 0.192211
0.313952 0.439693
0.484538 0.312762
0.693151 0.167449
0.870331 0.067310
0.436023 0.339686
0.875575 0.064284
0.007684 0.912356
0.403559 0.364744
0.000479 0.978127
0.182647 0.572636
0.137251 0.629598
0.484538 0.312762
0.751930 0.132890
0.320659 0.433854
0.288017 0.463336
0.286074 0.465400
0.278056 0.472697
0.271557 0.488714
0.256689 0.493363
0.243391 0.506661
0.229250 0.528916
0.197484 0.566413
0.195721 0.566723
0.183407 0.571872
0.181479 0.581120
0.176439 0.590737
0.167324 0.590955
0.157344 0.604251
0.137289 0.629971
0.126792 0.646060
0.125111 0.646298
0.124436 0.647424
0.115819 0.659686
0.106478 0.673698
0.103158 0.678826
0.102548 0.681758
0.100345 0.683235
0.100061 0.683684
0.082854 0.712164
0.075240 0.725709
0.068880 0.737560
0.038666 0.803575
0.036135 0.809916
0.033827 0.816087
0.030002 0.826800
0.027941 0.832855
0.027680 0.837402
0.026952 0.862212
0.021454 0.878879
0.014654 0.895683
0.010440 0.905209
0.006954 0.916618
0.006778 0.918440
0.002073 0.954478
0.000001 0.999010
0.000001 0.999010
0.000001 0.999010
0.000001 0.999010
0.181359 0.599421
0.999999 0.000401
0.000001 1.000348
0.028821 0.838204
0.000001 1.001685
0.108842 0.841875
