0.0364573 0.930345
0.191186 0.861091
0 1
0.626718 -0.0924038
0.829098 -0.485686
0.410433 0.46242
0.616503 0.0790418
0.414378 0.409786
0.827882 -0.46377
0.823207 -0.371524
0.622812 -0.0312169
0.0276103 0.951345
0.639381 -0.242737
0.0371128 0.928792
0.432972 0.199156
0.193337 0.846858
0.82948 -0.492079
0.623229 -0.037821
0.418398 0.358218
0.209559 0.72845
0.64308 -0.270503
0.821194 -0.327926
0.648011 -0.294019
0.827882 -0.46377
0.443706 0.126202
0.824574 -0.399273
0.621424 -0.00778834
0.439799 0.14774
0.427022 0.25706
0.414378 0.409786
0.444557 0.122544
0.411882 0.442882
0.831665 -0.528551
0.852425 -0.702059
0.443706 0.126202
0.84184 -0.655854
0.421598 0.318931
0.419215 0.347587
0.830967 -0.517348
0.629288 -0.129164
0.213118 0.701532
0.838259 -0.619788
0.0548883 0.890898
0.821558 -0.336305
0.0577188 0.88628
0.246597 0.50827
0.821558 -0.336305
0.838259 -0.619788
0.223085 0.629135
0.257665 0.492209
0.0276103 0.951345
0 1
0.620811 0.00223679
0.616958 0.0703925
0.409835 0.470547
0.824574 -0.399273
0.44887 0.107704
0.0364573 0.930345
0.833256 -0.553505
0.840798 -0.646383
0.621424 -0.00778834
0.257665 0.492209
0.616958 0.0703925
0.637728 -0.227696
0.412575 0.433458
0.422045 0.313152
0.435376 0.178905
0.637475 -0.225462
0.0144789 0.979167
0.620221 0.0127664
0.621974 -0.0174181
0.223085 0.629135
0.419215 0.347587
0.220366 0.648062
0.840134 -0.639844
0.0371128 0.928792
0.852425 -0.702059
0.833973 -0.564032
0.411889 0.442837
0.61601 0.087769
0.208791 0.734279
0.189988 0.868809
0.213118 0.701532
0.629288 -0.129164
0.213118 0.701532
0.0577188 0.88628
0.0371128 0.928792
0.065054 0.877164
0.821194 -0.327926
0.639381 -0.242737
0.0247066 0.958001
0.427022 0.25706
0.43614 0.173301
0.439799 0.14774
0.830967 -0.517348
0.618878 0.036224
0.824574 -0.399273
0.411361 0.450487
0.824574 -0.399273
0.0144789 0.979167
0.629288 -0.129164
0.84578 -0.683718
0.0371128 0.928792
0.203019 0.777753
0.835881 -0.590523
0.852425 -0.702059
0.640067 -0.248633
0.622183 -0.0205963
0.626293 -0.0860102
0.650113 -0.299254
0.228483 0.593288
0.624205 -0.053394
0.225717 0.611258
0.433982 0.190768
0.0577188 0.88628
0.00727265 0.991081
0.413266 0.424202
0.84184 -0.655854
0.211409 0.71462
0.415889 0.389911
0.624205 -0.053394
0.0508217 0.898374
0.0508217 0.898374
0.424694 0.282635
0.408238 0.492108
0.82948 -0.492079
0.427791 0.248999
0.427022 0.25706
0.626293 -0.0860102
0.20394 0.771065
0.0577188 0.88628
0.208791 0.734279
0.645898 -0.285699
0.0508217 0.898374
0.0364573 0.930345
0.617522 0.0603703
0.418413 0.358029
0.61601 0.087769
0.227258 0.601069
0.418398 0.358218
0.833256 -0.553505
0.209559 0.72845
0.426473 0.263121
0.443706 0.126202
0.220366 0.648062
0.831665 -0.528551
0.194649 0.837921
0.616503 0.0790418
0.642344 -0.265245
0.439799 0.14774
0.219073 0.657388
0.411889 0.442837
0.222104 0.635766
0.203019 0.777753
0.225223 0.614407
0.415889 0.389911
0.833256 -0.553505
0.0116265 0.984221
0.840134 -0.639844
0.225717 0.611258
0.227258 0.601069
0.00727265 0.991081
0.629288 -0.129164
0.824106 -0.390147
0.415889 0.389911
0.637475 -0.225462
0.416355 0.383532
0.246597 0.50827
0.0371128 0.928792
0.411889 0.442837
0.413468 0.421627
0.424694 0.282635
0.0418875 0.91759
0.644477 -0.278779
0.234629 0.557596
0.651596 -0.301906
0.648011 -0.294019
0.833256 -0.553505
0.0454756 0.909523
0.418413 0.358029
0.415339 0.397128
0.622183 -0.0205963
0.411889 0.442837
0.824574 -0.399273
0.0247066 0.958001
0.426473 0.263121
0.408539 0.488497
0.189988 0.868809
0.443706 0.126202
0 1
0.231493 0.575085
0.621268 -0.00554097
0.411889 0.442837
0.823792 -0.383693
0.223085 0.629135
0.839655 -0.635354
0.82948 -0.492079
0.440819 0.141611
0.411882 0.442882
0.423841 0.292629
