0.0574392 2.73002
0.00209149 3.07458
0.123285 2.53222
0.846976 1.52037
0.118151 2.54536
0.144346 2.48103
0.00105657 3.09832
0.964211 1.4108
0.086938 2.6319
0.00272926 3.063
0.00524812 3.02711
0.229323 2.30491
0.0621036 2.713
0.00749724 3.00199
0.742179 1.62494
0.00524812 3.02711
0.0373449 2.81242
0.604482 1.77425
0 3.16866
0.939353 1.43346
0.0574392 2.73002
0.0461225 2.77419
0.0574392 2.73002
0.00949361 2.98272
0.00949361 2.98272
0.699734 1.66937
0.00411535 3.04185
0.742179 1.62494
0.193145 2.37492
0.765399 1.60114
0.0944831 2.60963
0.912147 1.45859
0.604482 1.77425
0.939353 1.43346
0.307707 2.17014
0.679264 1.69127
0.00034772 3.12293
0.144346 2.48103
0.699734 1.66937
0.0944831 2.60963
0.327657 2.13864
0.0551656 2.73846
0.581775 1.80046
0.0398363 2.80143
0.15653 2.4531
0.0166914 2.92653
0.309297 2.1676
0.83307 1.53385
0.732101 1.63533
0.0633076 2.70873
0.846976 1.52037
0.0633076 2.70873
0.33381 2.12914
0.732101 1.63533
0.602252 1.7768
0.0373449 2.81242
0.327657 2.13864
0.090716 2.62063
0.00034772 3.12293
0.00749724 3.00199
0.920017 1.45128
0.00411535 3.04185
0.32046 2.14988
0.839085 1.528
0.319183 2.15192
0.960806 1.4139
0.00667358 3.01069
0.960806 1.4139
0.118151 2.54536
0.732101 1.63533
0.346759 2.10941
0.732101 1.63533
0.116947 2.54848
0.00034772 3.12293
0.751358 1.61546
0.0758422 2.66646
0.0136773 2.94828
0.307707 2.17014
0.0373449 2.81242
0.604482 1.77425
0.845961 1.52135
0.00034772 3.12293
0.33381 2.12914
0.00272926 3.063
0.240825 2.28383
0.964211 1.4108
0.0136773 2.94828
0.839085 1.528
0.0944831 2.60963
0.327657 2.13864
0.0541338 2.74245
0.302652 2.17827
1 1.38463
0.732101 1.63533
0.279585 2.21627
0.920017 1.45128
0.00524812 3.02711
0.00105657 3.09832
0.18449 2.39262
0.742179 1.62494
