0.832599 0.0876647
0.538327 0.26637
0.00261133 0.9489
0.000844532 0.97094
0.800108 0.105644
0.538327 0.26637
0.844283 0.0812859
0.736895 0.141698
0.973268 0.0136038
0.187613 0.566894
0.440819 0.336166
0.785322 0.113945
0.757891 0.129557
0.0100831 0.899586
0.00259022 0.949107
0.0145227 0.879495
0.597384 0.227178
0.872292 0.0661709
0.451244 0.328363
0.949045 0.0259557
0.155559 0.605621
0.163123 0.596147
0.767846 0.123859
0.736895 0.141698
0.03227 0.820373
0.718452 0.152507
0.190436 0.563648
0.0100831 0.899586
0.929752 0.0359077
0.811435 0.0993337
0.0857542 0.707172
0.000983895 0.968633
0.0628963 0.749217
0.886376 0.0586637
0.423196 0.349569
0.440819 0.336166
0.0694193 0.736534
0.0692614 0.736834
0.0692614 0.736834
0.519062 0.279665
0.736895 0.141698
0.471551 0.31342
0.840167 0.083528
0.785322 0.113945
0.000983895 0.968633
0.840167 0.083528
0.674496 0.178816
0.0692614 0.736834
0.142301 0.6228
0.811435 0.0993337
0.597384 0.227178
0.0476659 0.781689
0.736895 0.141698
0.232784 0.517569
0.840167 0.083528
0 1
0.674496 0.178816
0.624324 0.209938
0.736895 0.141698
0.949045 0.0259557
0.0269594 0.835815
0.767846 0.123859
0.781317 0.116207
0.440819 0.336166
0.00259022 0.949107
0.993339 0.00348495
0.477512 0.309094
0.423196 0.349569
0.0332654 0.817622
0.000844532 0.97094
0.705474 0.16017
0.96445 0.0180821
0.886376 0.0586637
0.155559 0.605621
0.0145227 0.879495
0.114511 0.661628
0.0570729 0.761105
0.151205 0.611178
0.736895 0.141698
0.973268 0.0136038
0.0265825 0.836967
0.00261133 0.9489
0 1
0.190436 0.563648
0.0408754 0.797827
0.781317 0.116207
0.145149 0.619044
0.206421 0.545705
0.142301 0.6228
0.0740704 0.727848
0.0269594 0.835815
0.573175 0.242997
0.0361294 0.809925
0.980363 0.0100139
0.871181 0.0667665
0.538327 0.26637
0.538327 0.26637
0.0589865 0.757133
0.811435 0.0993337
0.232784 0.517569
