0.211401 0.540217
0.511809 0.2846
0.324089 0.430716
0.47966 0.307431
0.505213 0.289224
0.116983 0.657973
0.464244 0.31865
1 0
0.22353 0.527212
0.777893 0.118018
0.21909 0.53193
0.0272854 0.834817
0.385449 0.379158
0.294787 0.457058
0.158649 0.601693
0.376477 0.386426
0.186728 0.567881
0.016235 0.872583
0.251368 0.498635
0.34831 0.409827
0.599328 0.225843
0.00577005 0.92404
0.0424317 0.794011
0.545913 0.261146
0.556798 0.253817
0.0650405 0.74497
0.175324 0.581284
0.684217 0.17283
0.0248239 0.842445
0.268374 0.481953
0.26213 0.488016
0.530969 0.271331
0.0878203 0.703655
0.667956 0.182718
0.525544 0.275062
0.290347 0.461163
0.272836 0.477664
0.690196 0.169224
0.225514 0.525118
0.385736 0.378926
0.203132 0.549299
0.826686 0.0907779
0.843618 0.0815133
0.0987429 0.685767
0.623249 0.210544
0.211401 0.540217
0.140275 0.625468
0.0924614 0.695926
0.955806 0.0223471
0.0380142 0.805028
0.640988 0.199387
0.833595 0.0869857
0.683706 0.173139
0.153024 0.608819
0.859779 0.0727573
0.61153 0.218002
0.498508 0.293955
0.160787 0.599018
0.000256665 0.983979
0.00954831 0.902285
0.754753 0.131235
0.739886 0.139839
0.0334633 0.817071
0.100753 0.682585
0.0186459 0.86345
0.525544 0.275062
0.927202 0.0370868
0.762143 0.126999
0.346903 0.41102
0.595606 0.22825
0.216399 0.534813
0.68762 0.170777
0.266975 0.483306
0.012484 0.888268
0.844187 0.0812037
0.718758 0.152204
0.513654 0.28331
0.36431 0.396423
0.139052 0.627104
0.204986 0.547247
0.598214 0.226562
0.0366001 0.80869
0.284152 0.466943
0.00409961 0.935972
0.449072 0.329877
0.118645 0.655552
0.393141 0.372994
0.46804 0.315872
0.619923 0.212654
0.141237 0.624186
0.016235 0.872583
0.641947 0.198788
0.555367 0.254777
0.456512 0.324351
0.68762 0.170777
0.0939379 0.693507
1 0
0.0308764 0.824284
0.376477 0.386426
0.661619 0.186606
0.020752 0.855945
0.440586 0.336237
0.0198208 0.859214
0.0227553 0.849152
0.754753 0.131235
0.834752 0.0863522
0.59095 0.231273
0.763611 0.126158
0.147326 0.616171
0.485999 0.302869
0.0518573 0.772278
0.153024 0.608819
0.708161 0.158483
0.552058 0.257001
0.976934 0.0116
0 1
0.385736 0.378926
0.737857 0.141019
0.673718 0.179201
0.0177141 0.866906
0.708161 0.158483
0.623249 0.210544
0.552058 0.257001
0.0727497 0.73028
0.0266057 0.836888
0.859779 0.0727573
0.475425 0.310495
0.230153 0.520258
0.0112084 0.89413
0.782542 0.115386
0.762143 0.126999
0.00954831 0.902285
0.450209 0.329029
0.00468387 0.931561
0.297852 0.454243
0.945077 0.0278495
0.109719 0.668761
0.16116 0.598554
0.281754 0.469196
0.432944 0.342018
0.00487114 0.930207
0.0266057 0.836888
0.712458 0.155928
0.153024 0.608819
0.328856 0.426544
0.467255 0.316445
0.833595 0.0869857
0.0366001 0.80869
0.050629 0.774991
0.0678486 0.739523
0.0587129 0.757694
0.498508 0.293955
0.197646 0.555427
0.338412 0.418273
0.182395 0.572923
0.0366001 0.80869
0.00577005 0.92404
0.958658 0.0208892
0.427288 0.346331
0.00627747 0.92077
0.385449 0.379158
0.385736 0.378926
0.779857 0.116906
0.502138 0.29139
0.20751 0.544469
0.666353 0.183701
0.579461 0.238782
0.714849 0.154519
0 1
0.651012 0.193153
0.708161 0.158483
0.00691871 0.916821
0.160787 0.599018
0.269332 0.481029
0.653514 0.191603
0.0894263 0.700958
0.962459 0.0189502
0.191008 0.562957
0.0177141 0.866906
0.625962 0.208828
0.982029 0.00902602
0.895272 0.0538124
0.0139679 0.881814
0.0257916 0.839403
0.13127 0.637688
0.653514 0.191603
0.456512 0.324351
0.623249 0.210544
0.00691871 0.916821
0.625962 0.208828
0.0480066 0.780896
0.170462 0.58713
0.0198208 0.859214
0.449072 0.329877
0.0678486 0.739523
0.22353 0.527212
0.654881 0.190758
0.836879 0.0851892
0.0323579 0.820117
0.653514 0.191603
0.952477 0.0240509
0.020752 0.855945
0.388985 0.376316
0.485999 0.302869
0.485999 0.302869
0.932477 0.0343517
0.0610418 0.752935
0.934647 0.0332289
0.0786391 0.719574
0.244904 0.505124
0.949355 0.0256515
0.696853 0.165227
0.994133 0.00293796
0.0424317 0.794011
0.295279 0.456609
0.505213 0.289224
0.169184 0.588681
0.522731 0.277005
0.0894263 0.700958
0.605222 0.222045
0.777893 0.118018
0.0278501 0.833117
0.17362 0.583325
0.794971 0.108396
0.813912 0.0978364
0.225514 0.525118
0.0248216 0.842452
0.0174729 0.867816
0.0390813 0.802311
0.385736 0.378926
0.394803 0.371671
0.726784 0.147491
0.713802 0.155138
0.133241 0.634978
0.753189 0.132142
0.379704 0.383803
0.967905 0.0161785
0.132429 0.636092
0.387244 0.377714
0.973595 0.0132907
0.292798 0.458894
0.417114 0.35416
0.27986 0.470983
0.000256665 0.983979
0.396372 0.370423
0.0198208 0.859214
0.450209 0.329029
0.379704 0.383803
0.642905 0.198192
0.754753 0.131235
0.26213 0.488016
0.204986 0.547247
0.0380142 0.805028
0.605222 0.222045
0.527982 0.273382
0.973595 0.0132907
0.478219 0.308474
0.400822 0.366899
0.0939379 0.693507
0.0396661 0.800837
0.220029 0.530928
0.0390813 0.802311
0.0366001 0.80869
0.00409961 0.935972
0.697947 0.164572
0.00363458 0.939713
0.00627747 0.92077
0.0465636 0.784214
0.82336 0.092608
0.0458097 0.785968
0.437038 0.338917
0.820701 0.0940747
0.292331 0.459324
0.139052 0.627104
0.641947 0.198788
0.182395 0.572923
0.700363 0.163129
0.754753 0.131235
0.340598 0.416396
0.653514 0.191603
0.857001 0.0742567
1 0
0.556798 0.253817
0.912872 0.0445569
0.0667524 0.741636
0.428805 0.345171
0.718758 0.152204
0.272836 0.477664
0.697947 0.164572
0.820701 0.0940747
4.53174e-05 0.993268
0.0939379 0.693507
0.25375 0.496266
0.075421 0.725372
0.0939379 0.693507
0.962337 0.0190122
0.791488 0.110351
0.628782 0.207048
0.176398 0.580003
0.700363 0.163129
0.016235 0.872583
0.98907 0.0054801
0.211401 0.540217
0.306329 0.446531
0.170462 0.58713
0.297852 0.454243
0.36431 0.396423
0.769477 0.122807
0.00294343 0.945747
0.244904 0.505124
0.502138 0.29139
0.192701 0.561025
0.100753 0.682585
0.0440022 0.790234
0.189027 0.565228
0.0139679 0.881814
0.556798 0.253817
0.461686 0.320532
0.116983 0.657973
0.605222 0.222045
0.0587129 0.757694
1 0
0.266975 0.483306
0.949355 0.0256515
0.0345739 0.81406
0.425994 0.347322
0.0544996 0.76655
0.0545749 0.766389
0.676886 0.177275
0.997668 0.00116688
0.667956 0.182718
0.0855226 0.707557
0.625962 0.208828
0.619923 0.212654
0.588395 0.232936
0.154331 0.60715
0.619923 0.212654
0.995602 0.00220143
0.145637 0.618377
0.390988 0.374713
0.794971 0.108396
0.755218 0.130967
0.790285 0.111028
0.292798 0.458894
0.292331 0.459324
0.00892622 0.905522
0.182395 0.572923
0.552058 0.257001
0.625962 0.208828
0.183728 0.571365
0.212247 0.539298
0.942264 0.0292972
0.316901 0.437065
0.605222 0.222045
0.139052 0.627104
0.638676 0.200832
0.217968 0.53313
0.473541 0.311862
0.498508 0.293955
0.749821 0.134078
0.800328 0.105397
0.217968 0.53313
0.762143 0.126999
0.61153 0.218002
0.0737363 0.728456
0.945077 0.0278495
0.0323579 0.820117
0.697947 0.164572
0.945077 0.0278495
0.0158415 0.874137
0 1
0.266975 0.483306
0.0308764 0.824284
0.0145513 0.879372
0.391154 0.374581
0.0939379 0.693507
0.183728 0.571365
0.186728 0.567881
0.328856 0.426544
0.0894263 0.700958
0.659012 0.188209
0.952619 0.0239784
0.0406362 0.798417
0.647875 0.195099
0.00106008 0.967441
0.889799 0.0567087
0.817501 0.0958427
0.811984 0.0989041
0.0424317 0.794011
0.505213 0.289224
0.0531934 0.769364
0.708161 0.158483
0.361011 0.399162
0.189027 0.565228
0.183728 0.571365
0.439089 0.337365
0.268374 0.481953
0.658226 0.188694
0.676886 0.177275
0.00174302 0.958251
0.762143 0.126999
0.976153 0.0119956
0.495787 0.295885
0.0139679 0.881814
0.945077 0.0278495
0.800328 0.105397
0.958658 0.0208892
0.0227553 0.849152
0.0289471 0.829862
0.0340179 0.815561
0.819419 0.0947824
0.68762 0.170777
0.0825019 0.71277
0.158649 0.601693
0.997668 0.00116688
0.294787 0.457058
0.99121 0.00440464
0.839831 0.0835772
0.0272854 0.834817
0.543098 0.263055
0.667956 0.182718
0.128781 0.641141
0.866915 0.0689174
0.0544996 0.76655
0.819419 0.0947824
0.012484 0.888268
0.934647 0.0332289
0.502138 0.29139
0.942264 0.0292972
0.653514 0.191603
0.973595 0.0132907
0.958658 0.0208892
0.408108 0.36117
0.777893 0.118018
0.0443814 0.789332
0.0257916 0.839403
0.0266057 0.836888
0.266975 0.483306
0.712458 0.155928
0.28635 0.464885
0.260776 0.48934
0.0480066 0.780896
0.244904 0.505124
0.0939379 0.693507
0.363204 0.397339
0.952477 0.0240509
0.631585 0.205281
0.128781 0.641141
0.700363 0.163129
0.843618 0.0815133
0.0937516 0.693811
0.495787 0.295885
0.183728 0.571365
0.0145513 0.879372
0.0266057 0.836888
0.110988 0.666852
0.956806 0.0218358
0.00409961 0.935972
0.113497 0.663108
0.0939379 0.693507
0.841227 0.0828156
0.016235 0.872583
0.242663 0.507393
0.647875 0.195099
0.297852 0.454243
0.385736 0.378926
0.973595 0.0132907
0.0667524 0.741636
0.0380142 0.805028
0.0837053 0.710682
0.737857 0.141019
0.153024 0.608819
0.215655 0.535614
0.201209 0.551438
0.356477 0.402947
0.502138 0.29139
0.281815 0.469139
0.804628 0.10299
0.113497 0.663108
0.230153 0.520258
0.314749 0.438979
0.602611 0.223725
0.548827 0.259178
0.634274 0.203593
0.739886 0.139839
0.0737363 0.728456
0.0924614 0.695926
0.36431 0.396423
0.268374 0.481953
0.324089 0.430716
0.30426 0.448406
0.68762 0.170777
0.0323579 0.820117
0.0420744 0.79488
0.361011 0.399162
0.0227553 0.849152
0.00627747 0.92077
0.602611 0.223725
0.522388 0.277242
0.637375 0.201649
