0.101892 2.44711
0.0615108 2.57042
0.713406 1.53704
0.0782263 2.51555
0.790885 1.45964
0 2.99999
0.12667 2.38354
0.191359 2.24231
0.900604 1.35626
0.900604 1.35626
0.00935523 2.83246
0.766122 1.48395
0.15753 2.31254
0.771084 1.47905
0.12667 2.38354
0.710455 1.54006
0.831229 1.42084
0.132416 2.36971
0.912855 1.34512
0.937396 1.32302
0.12667 2.38354
0.000689799 2.9545
0.900604 1.35626
0.178427 2.26836
0.924642 1.33447
0.00122856 2.93928
0.191359 2.24231
0.910054 1.34766
0.718875 1.53144
0.831229 1.42084
0.937396 1.32302
0.178427 2.26836
0.0321395 2.68948
0.954491 1.3078
0.810333 1.44082
0.0470701 2.62421
0.949591 1.31215
0.776107 1.4741
0.819167 1.43234
0.197649 2.22996
0.0147886 2.78936
0.0043121 2.88625
0.12667 2.38354
0.000122235 2.98084
0.713406 1.53704
0.202549 2.22047
0.0615108 2.57042
0.0043121 2.88625
0.12667 2.38354
0.0172001 2.77283
0.101892 2.44711
0.199932 2.22552
0.00251515 2.91313
0.191359 2.24231
0.750823 1.49916
0.132416 2.36971
0.949591 1.31215
0.0229525 2.73758
0.191359 2.24231
0.771084 1.47905
0.900604 1.35626
0.12667 2.38354
0.819167 1.43234
0.831229 1.42084
0.900604 1.35626
0.197649 2.22996
0.182353 2.26035
0.15753 2.31254
0.759106 1.49091
0.0470701 2.62421
0.12667 2.38354
0.178427 2.26836
0.825151 1.42663
0.188798 2.2474
0.759106 1.49091
0 2.99999
0.00251515 2.91313
0.0377093 2.66365
0.0119722 2.81047
0.167654 2.29079
0.0129507 2.80288
0.0765387 2.52081
0.0161495 2.77988
0.0765387 2.52081
0.825151 1.42663
0.0186557 2.76342
0.0129507 2.80288
0.841931 1.41071
0.0147886 2.78936
0.713406 1.53704
0.133535 2.36706
0.0259679 2.72088
0.0267716 2.71659
0.776107 1.4741
0.0246401 2.72811
0.000689799 2.9545
0.0119722 2.81047
0.0246401 2.72811
0.218546 2.19027
0.825151 1.42663
